Test data
37.9657566464
q= 19.9828783232
v= -19.0501912897
X	N(p)	X-Xa	(X-Xa)/c
0.5	2.0	-1.3	-6.5
0.7	5.0	-1.1	-5.5
0.9	14.0	-0.9	-4.5
1.1	33.0	-0.7	-3.5
1.3	67.0	-0.5	-2.5
1.5	123.0	-0.3	-1.5
1.7	160.0	-0.1	-0.5
1.9	172.0	0.1	0.5
2.1	153.0	0.3	1.5
2.3	112.0	0.5	2.5
2.5	68.0	0.7	3.5
2.7	41.0	0.9	4.5
2.9	25.0	1.1	5.5
3.1	14.0	1.3	6.5
3.3	7.0	1.5	7.5
3.5	3.0	1.7	8.5
3.7	1.0	1.9	9.5
Pearson params: 

Xmin: 0.5
Xmax: 3.7
c: 0.2
Mx: 1.9366
Xa: 2.0
moments: 
N	normal	central
1	0.18300000000000047	0
2	6.025000000000002	5.991511000000002
3	7.743000000000005	4.447531973999996
4	123.40899999999999	118.94838681063698

sigma: 2.447756319571048
beta[1,2]: [0.091966376391529811, 3.3134912989375742]
r: -37.9657566464
b[0,1,2]: [5.5417626527083579, 0.33400570443295918, 0.025021420433657092]
M: -0.334005704433
k: 0.201135113552
type of curve:IV

Curve params:Type VI function params:

    l: ['granica l', -13.301623369716172, 13.301623369716172]
    q: 19.9828783232
    v: -19.0501912897


